4	1
7	938
8	693
9	173
10	3263
11	7189
12	2044
13	3201
14	4109
15	4863
16	6452
17	7344
18	8757
19	10592
20	30190
21	14367
22	16018
23	18664
24	24800
25	24362
26	27652
27	30215
28	33311
29	36261
30	37714
31	41566
32	47771
33	47927
34	54041
35	53344
36	59831
37	65780
38	63231
39	62807
40	66091
41	70099
42	71483
43	73046
44	76786
45	78250
46	79893
47	84042
48	87365
49	88408
50	92851
51	94500
52	102628
53	127458
54	104665
55	103493
56	105512
57	116069
58	109866
59	113634
60	116207
61	115904
62	121573
63	121894
64	120545
65	121431
66	131517
67	124693
68	130788
69	134794
70	130893
71	130918
72	134817
73	139445
74	139667
75	134971
76	168868
77	138466
78	139717
79	138639
80	147915
81	144445
82	139404
83	134439
84	153465
85	141515
86	135069
87	137704
88	145124
89	136423
90	139207
91	144432
92	133007
93	135497
94	138174
95	145011
96	142434
97	152095
98	149939
99	151148
100	171616
101	140021
102	150957
103	155821
104	141559
105	150598
106	133429
107	131375
108	129904
109	146419
110	133826
111	152060
112	144318
113	133015
114	133064
115	129327
116	133164
117	131512
118	130594
119	125582
120	145538
121	141238
122	143503
123	127505
124	139892
125	140338
126	129618
127	150032
128	140263
129	152758
130	160815
131	157009
132	181052
133	173957
134	189968
135	232361
136	518428
137	360379
138	315254
139	330276
140	1733340
141	696673
142	215559
143	46161
144	16974
145	1238
146	613
147	508
148	49
149	41
150	20
151	25
152	7
153	6
154	21
155	10
156	12
157	10
158	8
159	8
160	15
161	18
162	17
163	6
164	3
165	2
166	1
167	5
168	2
169	4
170	7
171	4
172	3
173	5
174	3
175	2
176	3
177	5
178	2
179	5
180	5
181	2
182	6
183	1
184	10
185	7
186	6
187	4
188	1
189	3
190	2
192	1
193	9
194	24
195	3
196	7
197	2
198	3
199	3
200	2
201	2
202	3
203	6
204	1
205	4
206	7
207	3
208	1
209	44
210	1
211	1
212	1
213	1
214	2
215	2
216	1
217	1
220	1
221	2
222	2
224	2
225	2
226	1
227	1
228	5
229	1
231	1
232	2
235	1
237	1
240	1
242	1
243	2
244	1
245	2
248	1
250	9
251	1
252	2
253	1
254	1
256	3
260	1
261	1
262	1
263	1
264	2
265	1
268	3
269	1
271	1
272	1
278	1
281	1
287	2
293	1
294	1
303	1
305	1
308	1
309	1
325	1
332	1
336	1
344	1
349	1
359	1
376	1
426	1
483	1
543	1
547	1
550	1
551	1
